0.0 5.688467456178333 8.37723247856952 6.546207298886891 7.4885226847489745 10.95615128592153 12.457247609323657 14.721641586453597 18.749286946441455 
5.688467456178333 0.0 5.264805219568907 9.057298714296664 8.100605039131336 8.725023151831747 9.18184425918889 10.41320935158801 13.622108537227268 
8.37723247856952 5.264805219568907 0.0 9.74084257135901 11.756231198815376 11.547936395737553 12.783318896123964 12.45388818803188 15.094000828143612 
6.546207298886891 9.057298714296664 9.74084257135901 0.0 6.729135605707467 9.397546967161164 12.587436434794816 14.141645908450686 18.979387687699518 
7.4885226847489745 8.100605039131336 11.756231198815376 6.729135605707467 0.0 5.122433308497047 7.309717778409779 10.454508070684149 15.431186506552242 
10.95615128592153 8.725023151831747 11.547936395737553 9.397546967161164 5.122433308497047 0.0 3.8170335340418484 5.702430709793851 10.944275672697577 
12.457247609323657 9.18184425918889 12.783318896123964 12.587436434794816 7.309717778409779 3.8170335340418484 0.0 4.270140630002717 8.637816448617093 
14.721641586453597 10.41320935158801 12.45388818803188 14.141645908450686 10.454508070684149 5.702430709793851 4.270140630002717 0.0 5.284457398825351 
18.749286946441455 13.622108537227268 15.094000828143612 18.979387687699518 15.431186506552242 10.944275672697577 8.637816448617093 5.284457398825351 0.0 
