0.0 3.82356561340328 5.60611960271987 6.305997938470959 13.64799226992747 16.824264322697736 16.604072873846345 22.652471653221422 
3.82356561340328 0.0 3.822334757710266 5.400325175394533 10.560933718189881 13.974396516486857 14.394784680570947 21.237687585987324 
5.60611960271987 3.822334757710266 0.0 3.8239428604517616 9.76593845976924 12.486087017156336 13.031840123328708 17.674203829310105 
6.305997938470959 5.400325175394533 3.8239428604517616 0.0 8.738304240526304 11.21992629209301 10.676696773815392 17.21224848763229 
13.64799226992747 10.560933718189881 9.76593845976924 8.738304240526304 0.0 3.829816836351316 5.563240872009768 16.307960050233138 
16.824264322697736 13.974396516486857 12.486087017156336 11.21992629209301 3.829816836351316 0.0 3.8499067521175103 13.97365328037017 
16.604072873846345 14.394784680570947 13.031840123328708 10.676696773815392 5.563240872009768 3.8499067521175103 0.0 14.533078820401409 
22.652471653221422 21.237687585987324 17.674203829310105 17.21224848763229 16.307960050233138 13.97365328037017 14.533078820401409 0.0 
